Supplemental results for CODEML (seqf: /home/maiara/Documents/bioinfo-masters/analise_dn_ds/data/align_codon_phylip/IL4.phy  treef: /home/maiara/Documents/bioinfo-masters/analise_dn_ds/data/trees/IL4.treefile)


NSsites Model 7: beta

MLEs of dN/dS (w) for site classes (K=10)

p:   0.10000  0.10000  0.10000  0.10000  0.10000  0.10000  0.10000  0.10000  0.10000  0.10000
w:   0.02746  0.12275  0.24132  0.37022  0.50155  0.62912  0.74743  0.85113  0.93434  0.98897

Naive Empirical Bayes (NEB) probabilities for 10 classes & postmean_w
(amino acids refer to 1st sequence: ENSG00000113520|homo_sapiens)

   1 M   0.87947 0.11079 0.00903 0.00065 0.00005 0.00000 0.00000 0.00000 0.00000 0.00000 ( 1)  0.040
   2 G   0.00000 0.00045 0.00732 0.03270 0.07734 0.12676 0.16592 0.18914 0.19901 0.20136 (10)  0.803
   3 Q   0.00061 0.03141 0.11492 0.18037 0.18774 0.15744 0.11905 0.08754 0.06631 0.05461 ( 5)  0.571
   4 L   0.00019 0.01455 0.07064 0.13760 0.17098 0.16664 0.14315 0.11693 0.09604 0.08328 ( 5)  0.639
   5 L   0.00000 0.00003 0.00159 0.01325 0.04616 0.09816 0.15460 0.20172 0.23369 0.25080 (10)  0.844
   6 P   0.00000 0.00041 0.00900 0.04216 0.09502 0.14335 0.17197 0.18167 0.18037 0.17605 ( 8)  0.781
   7 P   0.00000 0.00000 0.00008 0.00181 0.01316 0.04800 0.11289 0.19798 0.28248 0.34361 (10)  0.894
   8 L   0.16458 0.33160 0.24588 0.13345 0.06415 0.03007 0.01462 0.00772 0.00463 0.00331 ( 2)  0.230
   9 F   0.00001 0.01076 0.11242 0.23804 0.24177 0.17058 0.10255 0.05983 0.03721 0.02683 ( 5)  0.534
  10 F   0.00034 0.04689 0.18935 0.25672 0.20942 0.13281 0.07588 0.04317 0.02648 0.01895 ( 4)  0.472
  11 L   0.00060 0.02730 0.09305 0.14655 0.16286 0.15213 0.13094 0.10984 0.09341 0.08332 ( 5)  0.619
  12 L   0.11874 0.27508 0.24206 0.15759 0.09070 0.05034 0.02847 0.01710 0.01131 0.00862 ( 2)  0.286
  13 A   0.00000 0.00196 0.02378 0.07809 0.13653 0.16844 0.17072 0.15641 0.13860 0.12549 ( 7)  0.724
  14 C   0.00001 0.00261 0.02159 0.06321 0.11152 0.14774 0.16526 0.16791 0.16299 0.15715 ( 8)  0.752
  15 A   0.00296 0.17137 0.36361 0.26606 0.12175 0.04591 0.01677 0.00662 0.00309 0.00186 ( 3)  0.320
  16 G   0.00010 0.04315 0.22122 0.29442 0.21312 0.11603 0.05702 0.02849 0.01582 0.01063 ( 4)  0.440
  17 N   0.00000 0.00604 0.09341 0.23054 0.24837 0.17921 0.10891 0.06410 0.04021 0.02920 ( 5)  0.548
  18 F   0.00000 0.00001 0.00089 0.01111 0.04689 0.10664 0.16679 0.20782 0.22717 0.23268 (10)  0.839
  19 V   0.00000 0.00001 0.00197 0.02227 0.07713 0.14197 0.18383 0.19665 0.19222 0.18395 ( 8)  0.803
  20 H   0.00048 0.05826 0.20780 0.25537 0.19623 0.12211 0.07087 0.04192 0.02695 0.02003 ( 4)  0.461
  21 G   0.55581 0.26745 0.10867 0.04130 0.01561 0.00614 0.00261 0.00124 0.00069 0.00047 ( 1)  0.105
  22 H   0.00000 0.00152 0.02740 0.10041 0.17082 0.19137 0.17094 0.13754 0.10882 0.09116 ( 6)  0.687
  23 K   0.00000 0.00001 0.00116 0.01640 0.06628 0.13480 0.18487 0.20338 0.20076 0.19234 ( 8)  0.813
  24 C   0.00000 0.00000 0.00018 0.00414 0.02633 0.07919 0.15009 0.21318 0.25389 0.27299 (10)  0.865
  25 D   0.00000 0.00000 0.00016 0.00382 0.02423 0.07301 0.14130 0.20843 0.25958 0.28948 (10)  0.871
  26 T   0.00000 0.00001 0.00183 0.02204 0.07897 0.14653 0.18781 0.19698 0.18844 0.17740 ( 8)  0.800
  27 L   0.06552 0.18444 0.20571 0.17163 0.12568 0.08707 0.05984 0.04228 0.03170 0.02615 ( 3)  0.392
  28 Q   0.00000 0.00000 0.00001 0.00048 0.00574 0.02973 0.08971 0.18705 0.29914 0.38814 (10)  0.911
  29 E   0.74654 0.20295 0.04122 0.00754 0.00138 0.00028 0.00006 0.00002 0.00001 0.00000 ( 1)  0.059
  30 I   0.02556 0.39295 0.36481 0.15011 0.04618 0.01346 0.00423 0.00156 0.00071 0.00043 ( 2)  0.230
  31 I   0.83714 0.14333 0.01732 0.00194 0.00023 0.00003 0.00001 0.00000 0.00000 0.00000 ( 1)  0.046
  32 K   0.00000 0.00062 0.01758 0.08019 0.15470 0.18818 0.17853 0.15059 0.12358 0.10603 ( 6)  0.712
  33 T   0.00000 0.00025 0.00845 0.04728 0.11139 0.16318 0.18257 0.17688 0.16157 0.14844 ( 7)  0.763
  34 L   0.57208 0.26330 0.10251 0.03780 0.01408 0.00555 0.00239 0.00116 0.00066 0.00046 ( 1)  0.101
  35 N   0.85469 0.13034 0.01354 0.00128 0.00013 0.00002 0.00000 0.00000 0.00000 0.00000 ( 1)  0.043
  36 S   0.00000 0.00002 0.00221 0.02393 0.08171 0.14806 0.18740 0.19526 0.18624 0.17517 ( 8)  0.797
  37 L   0.07220 0.39576 0.31645 0.14032 0.04933 0.01635 0.00567 0.00223 0.00105 0.00064 ( 2)  0.222
  38 T   0.18993 0.35670 0.24201 0.11904 0.05166 0.02188 0.00967 0.00469 0.00263 0.00179 ( 2)  0.207
  39 E   0.00000 0.00001 0.00077 0.01087 0.04821 0.11073 0.17126 0.20907 0.22365 0.22543 (10)  0.836
  40 Q   0.00000 0.00000 0.00044 0.00659 0.03313 0.08739 0.15402 0.21043 0.24583 0.26218 (10)  0.857
  41 K   0.01292 0.27528 0.36687 0.21067 0.08520 0.03043 0.01095 0.00435 0.00206 0.00126 ( 3)  0.278
  42 T   0.00000 0.00102 0.01890 0.07390 0.13798 0.17293 0.17435 0.15792 0.13847 0.12454 ( 7)  0.727
  43 L   0.00000 0.00000 0.00013 0.00241 0.01552 0.05273 0.11831 0.20031 0.27819 0.33241 (10)  0.889
  44 C   0.00033 0.04308 0.17811 0.24962 0.21080 0.13818 0.08132 0.04743 0.02966 0.02148 ( 4)  0.483
  45 T   0.01905 0.35351 0.38284 0.17095 0.05283 0.01451 0.00412 0.00134 0.00054 0.00030 ( 3)  0.240
  46 E   0.00004 0.02149 0.14215 0.24553 0.22800 0.15567 0.09312 0.05470 0.03434 0.02495 ( 4)  0.513
  47 L   0.00311 0.10364 0.23712 0.24077 0.17111 0.10415 0.06085 0.03673 0.02419 0.01832 ( 4)  0.428
  48 T   0.00000 0.00000 0.00038 0.00541 0.02684 0.07312 0.13772 0.20447 0.25901 0.29304 (10)  0.870
  49 V   0.00025 0.03547 0.15316 0.22691 0.20604 0.14739 0.09550 0.06135 0.04179 0.03214 ( 4)  0.516
  50 T   0.00000 0.00000 0.00023 0.00400 0.02272 0.06769 0.13461 0.20585 0.26435 0.30055 (10)  0.876
  51 D   0.02037 0.35863 0.37766 0.16850 0.05304 0.01499 0.00439 0.00147 0.00061 0.00034 ( 3)  0.240
  52 I   0.00134 0.12321 0.31571 0.27718 0.15385 0.07055 0.03102 0.01443 0.00767 0.00503 ( 3)  0.363
  53 F   0.00000 0.00159 0.01997 0.06840 0.12507 0.16159 0.17128 0.16347 0.14985 0.13879 ( 7)  0.739
  54 A   0.00000 0.00014 0.00393 0.02309 0.06423 0.11673 0.16372 0.19577 0.21282 0.21956 (10)  0.820
  55 N   0.16098 0.53359 0.23489 0.05654 0.01112 0.00219 0.00049 0.00013 0.00005 0.00002 ( 2)  0.155
  56 T   0.00019 0.02900 0.13299 0.20999 0.20328 0.15473 0.10628 0.07193 0.05113 0.04047 ( 4)  0.541
  57 T   0.00007 0.01337 0.07835 0.15585 0.18601 0.17037 0.13716 0.10576 0.08305 0.07000 ( 5)  0.618
  58 E   0.00001 0.00881 0.09154 0.21009 0.23512 0.18173 0.11789 0.07288 0.04716 0.03478 ( 5)  0.562
  59 K   0.00000 0.00714 0.08487 0.20439 0.23419 0.18409 0.12139 0.07631 0.05017 0.03744 ( 5)  0.570
  60 E   0.04984 0.32530 0.32037 0.17600 0.07588 0.03021 0.01227 0.00546 0.00283 0.00184 ( 2)  0.259
  61 F   0.00000 0.00878 0.09752 0.22038 0.23842 0.17820 0.11256 0.06832 0.04373 0.03208 ( 5)  0.553
  62 C   0.67593 0.23723 0.06515 0.01620 0.00398 0.00103 0.00030 0.00010 0.00004 0.00002 ( 1)  0.072
  63 R   0.32811 0.42003 0.17863 0.05353 0.01421 0.00378 0.00110 0.00037 0.00016 0.00009 ( 2)  0.134
  64 A   0.14032 0.30407 0.24655 0.14706 0.07752 0.03954 0.02069 0.01161 0.00728 0.00535 ( 2)  0.256
  65 A   0.00001 0.00609 0.05719 0.14303 0.19119 0.18350 0.14867 0.11278 0.08634 0.07120 ( 5)  0.637
  66 T   0.00000 0.00111 0.02010 0.07668 0.14030 0.17330 0.17311 0.15604 0.13657 0.12279 ( 6)  0.724
  67 V   0.00706 0.18697 0.32374 0.24418 0.12876 0.05882 0.02636 0.01261 0.00689 0.00461 ( 3)  0.335
  68 L   0.56116 0.26516 0.10634 0.04034 0.01541 0.00620 0.00272 0.00134 0.00077 0.00054 ( 1)  0.105
  69 R   0.00211 0.07821 0.20259 0.23211 0.18345 0.12165 0.07567 0.04759 0.03208 0.02455 ( 4)  0.464
  70 Q   0.00000 0.00020 0.00732 0.04313 0.10585 0.15993 0.18304 0.18022 0.16643 0.15388 ( 7)  0.769
  71 F   0.00000 0.00016 0.00792 0.05024 0.12074 0.17249 0.18545 0.17270 0.15278 0.13752 ( 7)  0.754
  72 Y   0.00239 0.08703 0.21906 0.24155 0.18223 0.11469 0.06755 0.04030 0.02595 0.01925 ( 4)  0.445
  73 S   0.00000 0.00000 0.00011 0.00243 0.01664 0.05714 0.12561 0.20522 0.27436 0.31848 (10)  0.885
  74 H   0.00000 0.00001 0.00076 0.01001 0.04487 0.10584 0.16809 0.20980 0.22821 0.23243 (10)  0.840
  75 H   0.00019 0.02988 0.13806 0.21701 0.20692 0.15396 0.10290 0.06770 0.04691 0.03646 ( 4)  0.532
  76 I   0.00000 0.00002 0.00258 0.02670 0.08800 0.15452 0.18987 0.19254 0.17951 0.16624 ( 8)  0.790
  77 R   0.00000 0.00000 0.00000 0.00012 0.00235 0.01714 0.06679 0.16860 0.30912 0.43586 (10)  0.925
  78 F   0.00000 0.00000 0.00001 0.00043 0.00595 0.03224 0.09629 0.19379 0.29743 0.37385 (10)  0.908
  79 L   0.59412 0.26077 0.09502 0.03232 0.01099 0.00393 0.00154 0.00069 0.00036 0.00024 ( 1)  0.094
  80 K   0.00000 0.00001 0.00181 0.02145 0.07827 0.14766 0.19024 0.19839 0.18756 0.17460 ( 8)  0.800
  81 R   0.00000 0.00000 0.00014 0.00287 0.01844 0.06030 0.12826 0.20534 0.27137 0.31328 (10)  0.882
  82 L   0.19845 0.36034 0.23725 0.11454 0.04947 0.02113 0.00951 0.00473 0.00271 0.00189 ( 2)  0.203
  83 D   0.00000 0.00552 0.06954 0.18052 0.22409 0.19008 0.13396 0.08890 0.06084 0.04655 ( 5)  0.595
  84 R   0.76142 0.19436 0.03666 0.00622 0.00107 0.00020 0.00004 0.00001 0.00000 0.00000 ( 1)  0.057
  85 N   0.01968 0.34681 0.37292 0.17426 0.05881 0.01810 0.00580 0.00212 0.00095 0.00056 ( 3)  0.246
  86 L   0.00767 0.19802 0.33182 0.24141 0.12274 0.05415 0.02352 0.01095 0.00586 0.00387 ( 3)  0.326
  87 W   0.00000 0.00001 0.00152 0.01942 0.07332 0.14198 0.18755 0.20031 0.19333 0.18255 ( 8)  0.806
  88 G   0.00001 0.02151 0.17661 0.29290 0.23642 0.13598 0.06877 0.03493 0.01960 0.01326 ( 4)  0.470
  89 L   0.00216 0.17147 0.36440 0.26187 0.12032 0.04705 0.01834 0.00786 0.00398 0.00255 ( 3)  0.323
  90 A   0.00008 0.01463 0.08186 0.15872 0.18697 0.16990 0.13576 0.10379 0.08075 0.06755 ( 5)  0.613
  91 G   0.00000 0.00000 0.00061 0.00996 0.04663 0.10924 0.17031 0.20921 0.22540 0.22863 (10)  0.838
  92 L   0.00000 0.00000 0.00000 0.00003 0.00095 0.00956 0.04812 0.14792 0.31267 0.48075 (10)  0.936
  93 L   0.00577 0.06943 0.14380 0.17343 0.16266 0.13456 0.10544 0.08212 0.06600 0.05678 ( 4)  0.540
  94 K   0.00098 0.10053 0.28833 0.28014 0.16962 0.08380 0.03931 0.01932 0.01072 0.00724 ( 3)  0.386
  95 T   0.00000 0.00043 0.01311 0.06504 0.13636 0.17907 0.18169 0.16219 0.13917 0.12294 ( 7)  0.734
  96 I   0.00256 0.18662 0.36737 0.25202 0.11409 0.04497 0.01788 0.00783 0.00404 0.00262 ( 3)  0.317
  97 M   0.15388 0.53011 0.24095 0.05961 0.01211 0.00249 0.00058 0.00017 0.00006 0.00003 ( 2)  0.158
  98 R   0.00000 0.00010 0.00416 0.02762 0.07731 0.13365 0.17424 0.19301 0.19632 0.19358 ( 9)  0.803
  99 E   0.00000 0.00004 0.00350 0.03156 0.09667 0.16195 0.19188 0.18844 0.17086 0.15510 ( 7)  0.780
 100 K   0.00002 0.01431 0.10655 0.20943 0.22159 0.17132 0.11462 0.07403 0.05004 0.03810 ( 5)  0.557
 101 Y   0.03699 0.27280 0.31075 0.19813 0.09833 0.04436 0.02001 0.00968 0.00534 0.00359 ( 3)  0.292
 102 S   0.00000 0.00030 0.00530 0.02551 0.06502 0.11453 0.16020 0.19350 0.21324 0.22239 (10)  0.819


lnL = -3762.414974


NSsites Model 8: beta&w>1

MLEs of dN/dS (w) for site classes (K=11)

p:   0.08899  0.08899  0.08899  0.08899  0.08899  0.08899  0.08899  0.08899  0.08899  0.08899  0.11008
w:   0.03360  0.12156  0.22008  0.32424  0.43171  0.54086  0.65027  0.75842  0.86318  0.96021  1.41714

Naive Empirical Bayes (NEB) probabilities for 11 classes & postmean_w & P(w>1)
(amino acids refer to 1st sequence: ENSG00000113520|homo_sapiens)

   1 M   0.84163 0.13683 0.01875 0.00243 0.00032 0.00004 0.00001 0.00000 0.00000 0.00000 0.00000 ( 1)  0.050  0.000
   2 G   0.00000 0.00034 0.00411 0.01747 0.04400 0.08099 0.12110 0.15650 0.18191 0.19578 0.19780 (11)  0.892  0.198
   3 Q   0.00079 0.02356 0.07972 0.13680 0.16668 0.16551 0.14409 0.11515 0.08738 0.06513 0.01519 ( 5)  0.567  0.015
   4 L   0.00027 0.01120 0.04807 0.09898 0.14040 0.15933 0.15652 0.13972 0.11730 0.09562 0.03260 ( 6)  0.638  0.033
   5 L   0.00000 0.00002 0.00065 0.00501 0.01877 0.04589 0.08511 0.13042 0.17424 0.21009 0.32981 (11)  1.008  0.330
   6 P   0.00000 0.00030 0.00485 0.02249 0.05655 0.09946 0.13917 0.16706 0.18067 0.18240 0.14707 (10)  0.843  0.147
   7 P   0.00000 0.00000 0.00002 0.00032 0.00240 0.01008 0.02883 0.06297 0.11261 0.17175 0.61103 (11)  1.201  0.611
   8 L   0.15139 0.27315 0.22934 0.15183 0.08977 0.05002 0.02708 0.01456 0.00793 0.00451 0.00041 ( 2)  0.244  0.000
   9 F   0.00001 0.00704 0.06402 0.16041 0.21518 0.20174 0.15178 0.09971 0.06077 0.03642 0.00292 ( 5)  0.535  0.003
  10 F   0.00049 0.03304 0.12638 0.20158 0.20921 0.16900 0.11667 0.07299 0.04327 0.02550 0.00187 ( 5)  0.475  0.002
  11 L   0.00081 0.02118 0.06667 0.11210 0.14001 0.14792 0.14107 0.12618 0.10862 0.09209 0.04335 ( 6)  0.625  0.043
  12 L   0.10998 0.22439 0.21581 0.16452 0.11215 0.07194 0.04467 0.02739 0.01688 0.01072 0.00155 ( 2)  0.296  0.002
  13 A   0.00000 0.00152 0.01468 0.04894 0.09660 0.13980 0.16536 0.17048 0.16006 0.14194 0.06060 ( 8)  0.734  0.061
  14 C   0.00002 0.00207 0.01400 0.04044 0.07686 0.11383 0.14309 0.16054 0.16621 0.16301 0.11995 ( 9)  0.796  0.120
  15 A   0.00456 0.12790 0.27838 0.26639 0.17047 0.08707 0.03908 0.01641 0.00677 0.00292 0.00006 ( 3)  0.331  0.000
  16 G   0.00016 0.02892 0.14116 0.23318 0.22831 0.16620 0.10128 0.05562 0.02908 0.01533 0.00075 ( 4)  0.448  0.001
  17 N   0.00000 0.00377 0.04959 0.14713 0.21426 0.20909 0.16050 0.10670 0.06568 0.03978 0.00349 ( 5)  0.550  0.003
  18 F   0.00000 0.00000 0.00034 0.00394 0.01873 0.05223 0.10265 0.15810 0.20446 0.23312 0.22643 (10)  0.946  0.226
  19 V   0.00000 0.00001 0.00079 0.00896 0.03726 0.08743 0.14338 0.18574 0.20545 0.20514 0.12583 ( 9)  0.853  0.126
  20 H   0.00067 0.04099 0.14194 0.20828 0.20317 0.15806 0.10781 0.06830 0.04189 0.02595 0.00294 ( 4)  0.464  0.003
  21 G   0.49723 0.26144 0.12806 0.06065 0.02826 0.01312 0.00613 0.00291 0.00142 0.00074 0.00005 ( 1)  0.124  0.000
  22 H   0.00000 0.00106 0.01499 0.05817 0.11920 0.16741 0.18414 0.17187 0.14390 0.11346 0.02579 ( 7)  0.684  0.026
  23 K   0.00000 0.00000 0.00044 0.00604 0.02928 0.07713 0.13752 0.18849 0.21572 0.21894 0.12643 (10)  0.864  0.126
  24 C   0.00000 0.00000 0.00005 0.00113 0.00797 0.02982 0.07312 0.13337 0.19631 0.24651 0.31173 (11)  1.017  0.312
  25 D   0.00000 0.00000 0.00004 0.00089 0.00633 0.02365 0.05822 0.10806 0.16448 0.21652 0.42180 (11)  1.083  0.422
  26 T   0.00000 0.00001 0.00073 0.00878 0.03796 0.09096 0.14987 0.19251 0.20910 0.20391 0.10618 ( 9)  0.839  0.106
  27 L   0.06129 0.14913 0.17405 0.16185 0.13445 0.10456 0.07811 0.05702 0.04129 0.03027 0.00797 ( 3)  0.396  0.008
  28 Q   0.00000 0.00000 0.00000 0.00005 0.00058 0.00354 0.01355 0.03727 0.07991 0.13991 0.72519 (11)  1.270  0.725
  29 E   0.69340 0.22115 0.06259 0.01682 0.00443 0.00117 0.00032 0.00009 0.00003 0.00001 0.00000 ( 1)  0.072  0.000
  30 I   0.02968 0.30028 0.33510 0.19600 0.08636 0.03336 0.01225 0.00450 0.00172 0.00072 0.00002 ( 3)  0.244  0.000
  31 I   0.79294 0.16863 0.03145 0.00568 0.00104 0.00020 0.00004 0.00001 0.00000 0.00000 0.00000 ( 1)  0.057  0.000
  32 K   0.00000 0.00043 0.00902 0.04346 0.10168 0.15622 0.18363 0.18079 0.15847 0.13010 0.03621 ( 7)  0.714  0.036
  33 T   0.00000 0.00018 0.00435 0.02450 0.06701 0.12001 0.16361 0.18549 0.18546 0.17121 0.07818 ( 8)  0.785  0.078
  34 L   0.51091 0.25952 0.12333 0.05712 0.02628 0.01217 0.00572 0.00276 0.00139 0.00074 0.00006 ( 1)  0.120  0.000
  35 N   0.81262 0.15647 0.02598 0.00413 0.00066 0.00011 0.00002 0.00000 0.00000 0.00000 0.00000 ( 1)  0.054  0.000
  36 S   0.00000 0.00001 0.00089 0.00959 0.03942 0.09206 0.14970 0.19104 0.20697 0.20182 0.10849 ( 9)  0.839  0.108
  37 L   0.07404 0.31205 0.29395 0.17524 0.08428 0.03625 0.01477 0.00593 0.00242 0.00106 0.00003 ( 2)  0.235  0.000
  38 T   0.17593 0.29728 0.23174 0.14171 0.07711 0.03945 0.01959 0.00966 0.00483 0.00254 0.00016 ( 2)  0.221  0.000
  39 E   0.00000 0.00000 0.00030 0.00393 0.01978 0.05644 0.11093 0.16833 0.21249 0.23546 0.19234 (10)  0.922  0.192
  40 Q   0.00000 0.00000 0.00016 0.00208 0.01144 0.03645 0.08059 0.13757 0.19432 0.23831 0.29908 (11)  1.003  0.299
  41 K   0.01515 0.20436 0.30561 0.23506 0.13204 0.06262 0.02710 0.01126 0.00468 0.00205 0.00005 ( 3)  0.292  0.000
  42 T   0.00000 0.00071 0.01029 0.04182 0.09148 0.13941 0.16872 0.17520 0.16441 0.14535 0.06260 ( 8)  0.744  0.063
  43 L   0.00000 0.00000 0.00003 0.00049 0.00326 0.01263 0.03428 0.07202 0.12476 0.18508 0.56745 (11)  1.175  0.567
  44 C   0.00047 0.03053 0.11877 0.19409 0.20682 0.17159 0.12161 0.07803 0.04735 0.02849 0.00227 ( 5)  0.485  0.002
  45 T   0.02208 0.26513 0.33892 0.21659 0.09927 0.03807 0.01331 0.00450 0.00154 0.00057 0.00001 ( 3)  0.255  0.000
  46 E   0.00007 0.01458 0.08736 0.17743 0.21275 0.18824 0.13804 0.09011 0.05518 0.03340 0.00285 ( 5)  0.514  0.003
  47 L   0.00382 0.07626 0.17538 0.21037 0.18493 0.13682 0.09166 0.05822 0.03629 0.02303 0.00323 ( 4)  0.432  0.003
  48 T   0.00000 0.00000 0.00011 0.00144 0.00766 0.02440 0.05561 0.10049 0.15335 0.20540 0.45154 (11)  1.099  0.452
  49 V   0.00037 0.02581 0.10355 0.17546 0.19582 0.17211 0.13072 0.09083 0.06019 0.03967 0.00549 ( 5)  0.512  0.005
  50 T   0.00000 0.00000 0.00007 0.00103 0.00620 0.02162 0.05259 0.09931 0.15573 0.21153 0.45192 (11)  1.102  0.452
  51 D   0.02382 0.27134 0.33616 0.21236 0.09770 0.03802 0.01359 0.00471 0.00166 0.00063 0.00001 ( 3)  0.254  0.000
  52 I   0.00186 0.08750 0.23092 0.25821 0.19278 0.11543 0.06097 0.03014 0.01459 0.00728 0.00031 ( 4)  0.373  0.000
  53 F   0.00000 0.00121 0.01205 0.04161 0.08530 0.12850 0.15847 0.17050 0.16706 0.15432 0.08096 ( 8)  0.762  0.081
  54 A   0.00000 0.00010 0.00199 0.01100 0.03274 0.06756 0.10970 0.15076 0.18378 0.20522 0.23716 (11)  0.932  0.237
  55 N   0.16298 0.44229 0.25933 0.09578 0.02882 0.00790 0.00211 0.00057 0.00016 0.00005 0.00000 ( 2)  0.166  0.000
  56 T   0.00029 0.02128 0.08963 0.15968 0.18750 0.17346 0.13868 0.10141 0.07067 0.04883 0.00856 ( 5)  0.536  0.009
  57 T   0.00011 0.00974 0.05076 0.11008 0.15503 0.16971 0.15858 0.13391 0.10638 0.08247 0.02322 ( 6)  0.615  0.023
  58 E   0.00001 0.00589 0.05245 0.13828 0.19932 0.20170 0.16330 0.11463 0.07394 0.04635 0.00412 ( 6)  0.560  0.004
  59 K   0.00001 0.00470 0.04752 0.13213 0.19593 0.20208 0.16628 0.11865 0.07790 0.04977 0.00503 ( 6)  0.568  0.005
  60 E   0.05161 0.25317 0.28108 0.19798 0.11217 0.05647 0.02668 0.01228 0.00568 0.00275 0.00011 ( 3)  0.272  0.000
  61 F   0.00001 0.00572 0.05478 0.14482 0.20494 0.20243 0.16004 0.11008 0.06991 0.04338 0.00389 ( 5)  0.553  0.004
  62 C   0.61838 0.24696 0.08896 0.03046 0.01017 0.00337 0.00112 0.00038 0.00014 0.00005 0.00000 ( 1)  0.088  0.000
  63 R   0.30420 0.36781 0.19839 0.08280 0.03063 0.01068 0.00364 0.00125 0.00044 0.00017 0.00000 ( 2)  0.148  0.000
  64 A   0.13096 0.25072 0.22481 0.15932 0.10085 0.06006 0.03465 0.01977 0.01137 0.00677 0.00073 ( 2)  0.267  0.001
  65 A   0.00002 0.00447 0.03523 0.09504 0.15165 0.17793 0.17164 0.14563 0.11395 0.08589 0.01855 ( 6)  0.630  0.019
  66 T   0.00000 0.00081 0.01141 0.04501 0.09586 0.14273 0.16940 0.17318 0.16061 0.14085 0.06016 ( 8)  0.736  0.060
  67 V   0.00851 0.13843 0.25383 0.24049 0.16625 0.09661 0.05090 0.02552 0.01265 0.00649 0.00033 ( 3)  0.345  0.000
  68 L   0.50102 0.25999 0.12628 0.05970 0.02799 0.01318 0.00629 0.00308 0.00156 0.00084 0.00007 ( 1)  0.123  0.000
  69 R   0.00267 0.05853 0.14814 0.19506 0.18696 0.14941 0.10689 0.07158 0.04641 0.03021 0.00414 ( 4)  0.463  0.004
  70 Q   0.00000 0.00014 0.00365 0.02156 0.06142 0.11391 0.15994 0.18584 0.18961 0.17792 0.08601 ( 9)  0.797  0.086
  71 F   0.00000 0.00011 0.00375 0.02454 0.07106 0.12831 0.17185 0.18904 0.18260 0.16311 0.06563 ( 8)  0.771  0.066
  72 Y   0.00297 0.06418 0.15933 0.20459 0.19019 0.14661 0.10068 0.06443 0.03980 0.02468 0.00256 ( 4)  0.447  0.003
  73 S   0.00000 0.00000 0.00003 0.00050 0.00363 0.01486 0.04118 0.08621 0.14621 0.21005 0.49734 (11)  1.135  0.497
  74 H   0.00000 0.00000 0.00028 0.00345 0.01741 0.05095 0.10330 0.16167 0.20998 0.23849 0.21445 (10)  0.940  0.214
  75 H   0.00028 0.02120 0.09074 0.16282 0.19109 0.17550 0.13847 0.09945 0.06780 0.04575 0.00689 ( 5)  0.530  0.007
  76 I   0.00000 0.00001 0.00104 0.01075 0.04298 0.09811 0.15606 0.19475 0.20624 0.19666 0.09340 ( 9)  0.824  0.093
  77 R   0.00000 0.00000 0.00000 0.00001 0.00011 0.00097 0.00490 0.01701 0.04427 0.09086 0.84188 (11)  1.335  0.842
  78 F   0.00000 0.00000 0.00000 0.00005 0.00067 0.00450 0.01785 0.04894 0.10200 0.17130 0.65468 (11)  1.232  0.655
  79 L   0.53306 0.25978 0.11729 0.05117 0.02201 0.00947 0.00412 0.00183 0.00084 0.00042 0.00002 ( 1)  0.112  0.000
  80 K   0.00000 0.00001 0.00077 0.00874 0.03768 0.09141 0.15243 0.19689 0.21326 0.20578 0.09303 ( 9)  0.831  0.093
  81 R   0.00000 0.00000 0.00004 0.00069 0.00463 0.01765 0.04618 0.09242 0.15147 0.21230 0.47462 (11)  1.119  0.475
  82 L   0.18288 0.30068 0.22914 0.13798 0.07456 0.03820 0.01915 0.00961 0.00493 0.00267 0.00020 ( 2)  0.218  0.000
  83 D   0.00000 0.00369 0.03900 0.11453 0.18052 0.19832 0.17361 0.13133 0.09093 0.06080 0.00726 ( 6)  0.591  0.007
  84 R   0.70942 0.21413 0.05714 0.01448 0.00361 0.00091 0.00023 0.00006 0.00002 0.00001 0.00000 ( 1)  0.069  0.000
  85 N   0.02289 0.26144 0.32915 0.21453 0.10339 0.04272 0.01639 0.00615 0.00235 0.00096 0.00002 ( 3)  0.261  0.000
  86 L   0.00910 0.14529 0.26074 0.24141 0.16294 0.09243 0.04755 0.02329 0.01130 0.00568 0.00027 ( 3)  0.338  0.000
  87 W   0.00000 0.00001 0.00060 0.00752 0.03402 0.08505 0.14546 0.19258 0.21390 0.21157 0.10930 ( 9)  0.847  0.109
  88 G   0.00003 0.01385 0.10390 0.21457 0.23851 0.18703 0.11912 0.06720 0.03574 0.01907 0.00099 ( 5)  0.477  0.001
  89 L   0.00289 0.12058 0.27637 0.26629 0.17150 0.08941 0.04179 0.01867 0.00836 0.00395 0.00016 ( 3)  0.337  0.000
  90 A   0.00013 0.01105 0.05464 0.11451 0.15778 0.17027 0.15740 0.13160 0.10341 0.07917 0.02004 ( 6)  0.607  0.020
  91 G   0.00000 0.00000 0.00022 0.00332 0.01804 0.05343 0.10692 0.16390 0.20862 0.23336 0.21219 (10)  0.936  0.212
  92 L   0.00000 0.00000 0.00000 0.00000 0.00002 0.00024 0.00162 0.00711 0.02259 0.05469 0.91373 (11)  1.373  0.914
  93 L   0.00662 0.05568 0.11178 0.14534 0.15277 0.14189 0.12194 0.09979 0.07942 0.06288 0.02188 ( 5)  0.536  0.022
  94 K   0.00134 0.06996 0.20379 0.24947 0.20205 0.13021 0.07357 0.03872 0.01987 0.01045 0.00057 ( 4)  0.397  0.001
  95 T   0.00000 0.00031 0.00689 0.03513 0.08727 0.14229 0.17712 0.18410 0.16979 0.14598 0.05111 ( 8)  0.742  0.051
  96 I   0.00346 0.13314 0.28505 0.26134 0.16340 0.08420 0.03943 0.01781 0.00810 0.00389 0.00017 ( 3)  0.330  0.000
  97 M   0.15458 0.43679 0.26473 0.10055 0.03111 0.00881 0.00245 0.00070 0.00021 0.00007 0.00000 ( 2)  0.170  0.000
  98 R   0.00000 0.00007 0.00198 0.01277 0.04019 0.08291 0.13011 0.16944 0.19371 0.20247 0.16634 (10)  0.877  0.166
  99 E   0.00000 0.00003 0.00154 0.01380 0.05056 0.10878 0.16546 0.19877 0.20307 0.18699 0.07100 ( 9)  0.799  0.071
 100 K   0.00004 0.00985 0.06485 0.14563 0.19367 0.19016 0.15449 0.11134 0.07482 0.04922 0.00593 ( 5)  0.554  0.006
 101 Y   0.03855 0.21060 0.26266 0.20806 0.13222 0.07425 0.03884 0.01961 0.00984 0.00511 0.00026 ( 3)  0.303  0.000
 102 S   0.00000 0.00022 0.00281 0.01267 0.03385 0.06613 0.10496 0.14381 0.17687 0.20052 0.25815 (11)  0.944  0.258

Positively selected sites

	Prob(w>1)  mean w

     7 P      0.611         1.201
    28 Q      0.725         1.270
    43 L      0.567         1.175
    77 R      0.842         1.335
    78 F      0.655         1.232
    92 L      0.914         1.373


lnL = -3760.534009

Bayes Empirical Bayes (BEB) probabilities for 11 classes (class) & postmean_w
(amino acids refer to 1st sequence: ENSG00000113520|homo_sapiens)

   1 M   0.85641 0.12290 0.01763 0.00259 0.00039 0.00006 0.00001 0.00000 0.00000 0.00000 0.00000 ( 1)  0.067 +-  0.044
   2 G   0.00001 0.00091 0.00747 0.02523 0.05476 0.09093 0.12582 0.15214 0.16558 0.18018 0.19697 (11)  0.889 +-  0.344
   3 Q   0.00234 0.03675 0.09715 0.14648 0.16649 0.15929 0.13559 0.10599 0.07785 0.06097 0.01110 ( 5)  0.552 +-  0.235
   4 L   0.00087 0.01934 0.06353 0.11284 0.14692 0.15834 0.15011 0.12958 0.10429 0.08816 0.02604 ( 6)  0.618 +-  0.253
   5 L   0.00000 0.00008 0.00145 0.00813 0.02485 0.05309 0.08943 0.12708 0.15888 0.19601 0.34100 (11)  1.033 +-  0.369
   6 P   0.00000 0.00090 0.00907 0.03231 0.06924 0.10986 0.14293 0.16140 0.16391 0.16702 0.14336 (10)  0.833 +-  0.321
   7 P   0.00000 0.00000 0.00005 0.00061 0.00341 0.01185 0.02979 0.05955 0.10050 0.16519 0.62907 (11)  1.281 +-  0.373
   8 L   0.19262 0.26838 0.21189 0.13974 0.08447 0.04853 0.02697 0.01465 0.00784 0.00466 0.00027 ( 2)  0.256 +-  0.182
   9 F   0.00009 0.01597 0.08868 0.17486 0.20949 0.18786 0.13980 0.09157 0.05496 0.03500 0.00173 ( 5)  0.525 +-  0.190
  10 F   0.00193 0.05382 0.14845 0.20299 0.19690 0.15568 0.10747 0.06736 0.03945 0.02488 0.00107 ( 4)  0.470 +-  0.196
  11 L   0.00235 0.03277 0.08197 0.12276 0.14384 0.14609 0.13510 0.11685 0.09629 0.08496 0.03702 ( 6)  0.607 +-  0.280
  12 L   0.14237 0.22617 0.20423 0.15383 0.10596 0.06918 0.04357 0.02672 0.01611 0.01077 0.00108 ( 2)  0.306 +-  0.208
  13 A   0.00003 0.00368 0.02384 0.06376 0.11039 0.14715 0.16447 0.16158 0.14381 0.12971 0.05158 ( 7)  0.710 +-  0.263
  14 C   0.00009 0.00441 0.02177 0.05259 0.08921 0.12215 0.14451 0.15338 0.14957 0.14898 0.11336 ( 8)  0.780 +-  0.318
  15 A   0.01389 0.17483 0.28188 0.23957 0.14952 0.07816 0.03655 0.01589 0.00661 0.00306 0.00003 ( 3)  0.336 +-  0.155
  16 G   0.00090 0.05207 0.16851 0.23106 0.20999 0.15053 0.09277 0.05164 0.02689 0.01524 0.00041 ( 4)  0.445 +-  0.180
  17 N   0.00002 0.00990 0.07331 0.16492 0.21089 0.19547 0.14801 0.09797 0.05931 0.03807 0.00212 ( 5)  0.539 +-  0.188
  18 F   0.00000 0.00003 0.00091 0.00713 0.02648 0.06300 0.11118 0.15805 0.19039 0.21724 0.22559 (11)  0.947 +-  0.327
  19 V   0.00000 0.00005 0.00210 0.01541 0.04996 0.10115 0.15117 0.18292 0.18945 0.18850 0.11928 ( 9)  0.839 +-  0.287
  20 H   0.00261 0.06482 0.16263 0.20652 0.19002 0.14562 0.09953 0.06307 0.03808 0.02524 0.00186 ( 4)  0.460 +-  0.201
  21 G   0.49292 0.25359 0.12861 0.06410 0.03160 0.01545 0.00749 0.00360 0.00172 0.00089 0.00003 ( 1)  0.150 +-  0.137
  22 H   0.00001 0.00292 0.02526 0.07527 0.13283 0.17132 0.17911 0.16092 0.12899 0.10426 0.01911 ( 7)  0.662 +-  0.220
  23 K   0.00000 0.00002 0.00126 0.01100 0.04080 0.09140 0.14713 0.18745 0.20043 0.20170 0.11881 (10)  0.849 +-  0.280
  24 C   0.00000 0.00000 0.00018 0.00231 0.01213 0.03741 0.08075 0.13465 0.18444 0.23383 0.31432 (11)  1.031 +-  0.338
  25 D   0.00000 0.00000 0.00013 0.00174 0.00920 0.02843 0.06188 0.10548 0.15048 0.20510 0.43756 (11)  1.126 +-  0.367
  26 T   0.00000 0.00005 0.00198 0.01528 0.05121 0.10542 0.15806 0.18972 0.19310 0.18723 0.09797 ( 9)  0.821 +-  0.270
  27 L   0.08193 0.15767 0.17247 0.15659 0.12922 0.10041 0.07474 0.05381 0.03783 0.02929 0.00605 ( 3)  0.397 +-  0.249
  28 Q   0.00000 0.00000 0.00000 0.00010 0.00089 0.00430 0.01413 0.03524 0.07165 0.13947 0.73421 (11)  1.364 +-  0.348
  29 E   0.70130 0.21094 0.06215 0.01814 0.00529 0.00155 0.00045 0.00013 0.00004 0.00001 0.00000 ( 1)  0.092 +-  0.077
  30 I   0.07109 0.33845 0.30014 0.16581 0.07482 0.03062 0.01196 0.00458 0.00176 0.00077 0.00001 ( 2)  0.251 +-  0.133
  31 I   0.80532 0.15618 0.03063 0.00619 0.00130 0.00029 0.00007 0.00002 0.00000 0.00000 0.00000 ( 1)  0.074 +-  0.055
  32 K   0.00000 0.00139 0.01667 0.05935 0.11715 0.16334 0.18114 0.17073 0.14262 0.11917 0.02845 ( 7)  0.691 +-  0.227
  33 T   0.00000 0.00062 0.00874 0.03613 0.08236 0.13193 0.16719 0.17901 0.16870 0.15653 0.06879 ( 8)  0.763 +-  0.263
  34 L   0.50642 0.25150 0.12411 0.06072 0.02964 0.01447 0.00707 0.00345 0.00168 0.00089 0.00004 ( 1)  0.146 +-  0.135
  35 N   0.82622 0.14331 0.02497 0.00446 0.00083 0.00016 0.00003 0.00001 0.00000 0.00000 0.00000 ( 1)  0.071 +-  0.051
  36 S   0.00000 0.00006 0.00231 0.01639 0.05271 0.10621 0.15743 0.18787 0.19080 0.18521 0.10101 ( 9)  0.821 +-  0.274
  37 L   0.12825 0.32429 0.26298 0.15179 0.07480 0.03379 0.01449 0.00602 0.00246 0.00112 0.00002 ( 2)  0.243 +-  0.145
  38 T   0.22211 0.28861 0.21163 0.12941 0.07244 0.03849 0.01976 0.00990 0.00489 0.00266 0.00010 ( 2)  0.233 +-  0.167
  39 E   0.00000 0.00002 0.00085 0.00727 0.02827 0.06841 0.12052 0.16882 0.19843 0.21880 0.18861 (10)  0.918 +-  0.312
  40 Q   0.00000 0.00001 0.00044 0.00393 0.01666 0.04473 0.08802 0.13795 0.18150 0.22480 0.30196 (11)  1.016 +-  0.342
  41 K   0.03807 0.24716 0.29122 0.20687 0.11598 0.05697 0.02581 0.01110 0.00464 0.00217 0.00003 ( 3)  0.299 +-  0.152
  42 T   0.00001 0.00202 0.01802 0.05644 0.10613 0.14765 0.16832 0.16645 0.14802 0.13281 0.05413 ( 7)  0.721 +-  0.261
  43 L   0.00000 0.00000 0.00009 0.00092 0.00467 0.01514 0.03626 0.06978 0.11389 0.18060 0.57865 (11)  1.237 +-  0.364
  44 C   0.00181 0.04999 0.14069 0.19701 0.19582 0.15863 0.11213 0.07191 0.04303 0.02767 0.00131 ( 4)  0.479 +-  0.198
  45 T   0.05470 0.31059 0.31074 0.18431 0.08544 0.03455 0.01288 0.00458 0.00159 0.00062 0.00000 ( 3)  0.263 +-  0.133
  46 E   0.00039 0.02818 0.11202 0.18672 0.20428 0.17463 0.12714 0.08281 0.04994 0.03220 0.00169 ( 5)  0.506 +-  0.195
  47 L   0.01028 0.10350 0.18758 0.20308 0.17195 0.12650 0.08518 0.05410 0.03315 0.02251 0.00216 ( 4)  0.430 +-  0.207
  48 T   0.00000 0.00001 0.00030 0.00257 0.01068 0.02890 0.05884 0.09790 0.14016 0.19587 0.46479 (11)  1.143 +-  0.370
  49 V   0.00147 0.04295 0.12476 0.18122 0.18835 0.16097 0.12114 0.08347 0.05415 0.03792 0.00360 ( 5)  0.503 +-  0.210
  50 T   0.00000 0.00000 0.00019 0.00192 0.00890 0.02609 0.05631 0.09761 0.14351 0.20316 0.46230 (11)  1.143 +-  0.363
  51 D   0.05832 0.31451 0.30698 0.18089 0.08436 0.03461 0.01316 0.00478 0.00170 0.00068 0.00000 ( 2)  0.261 +-  0.134
  52 I   0.00684 0.12724 0.24357 0.23937 0.17233 0.10418 0.05652 0.02856 0.01382 0.00742 0.00016 ( 3)  0.376 +-  0.171
  53 F   0.00002 0.00298 0.01997 0.05529 0.09918 0.13716 0.15919 0.16257 0.15050 0.14096 0.07218 ( 8)  0.740 +-  0.281
  54 A   0.00000 0.00033 0.00399 0.01676 0.04197 0.07704 0.11485 0.14713 0.16774 0.18963 0.24055 (11)  0.938 +-  0.353
  55 N   0.26242 0.41416 0.21053 0.07753 0.02487 0.00746 0.00217 0.00063 0.00018 0.00006 0.00000 ( 2)  0.172 +-  0.108
  56 T   0.00118 0.03613 0.11026 0.16800 0.18298 0.16379 0.12908 0.09314 0.06326 0.04625 0.00593 ( 5)  0.525 +-  0.218
  57 T   0.00046 0.01809 0.06797 0.12434 0.15970 0.16623 0.15060 0.12366 0.09461 0.07642 0.01791 ( 6)  0.597 +-  0.238
  58 E   0.00010 0.01319 0.07406 0.15449 0.19809 0.19037 0.15132 0.10524 0.06657 0.04412 0.00246 ( 5)  0.548 +-  0.195
  59 K   0.00006 0.01112 0.06862 0.14923 0.19591 0.19143 0.15437 0.10894 0.07002 0.04720 0.00311 ( 5)  0.556 +-  0.196
  60 E   0.09166 0.27290 0.26030 0.17572 0.10061 0.05242 0.02573 0.01214 0.00559 0.00287 0.00006 ( 2)  0.280 +-  0.163
  61 F   0.00007 0.01324 0.07751 0.16083 0.20237 0.19021 0.14800 0.10105 0.06300 0.04139 0.00234 ( 5)  0.542 +-  0.193
  62 C   0.62166 0.23830 0.08905 0.03263 0.01182 0.00424 0.00151 0.00053 0.00019 0.00007 0.00000 ( 1)  0.110 +-  0.096
  63 R   0.37078 0.33791 0.17224 0.07345 0.02882 0.01079 0.00393 0.00140 0.00049 0.00019 0.00000 ( 1)  0.161 +-  0.120
  64 A   0.16794 0.24926 0.21000 0.14765 0.09500 0.05798 0.03414 0.01959 0.01105 0.00691 0.00048 ( 2)  0.278 +-  0.193
  65 A   0.00010 0.00974 0.05116 0.11179 0.15909 0.17545 0.16334 0.13469 0.10160 0.07955 0.01349 ( 6)  0.611 +-  0.223
  66 T   0.00001 0.00227 0.01971 0.06006 0.11026 0.15025 0.16833 0.16412 0.14439 0.12872 0.05188 ( 7)  0.714 +-  0.260
  67 V   0.02205 0.17600 0.25405 0.21976 0.14909 0.08808 0.04770 0.02440 0.01206 0.00664 0.00018 ( 3)  0.350 +-  0.174
  68 L   0.49623 0.25200 0.12699 0.06331 0.03144 0.01558 0.00771 0.00381 0.00188 0.00101 0.00005 ( 1)  0.150 +-  0.138
  69 R   0.00734 0.08189 0.16320 0.19269 0.17641 0.13902 0.09928 0.06617 0.04207 0.02924 0.00271 ( 4)  0.458 +-  0.213
  70 Q   0.00000 0.00051 0.00749 0.03234 0.07647 0.12637 0.16443 0.18004 0.17288 0.16274 0.07673 ( 8)  0.776 +-  0.268
  71 F   0.00000 0.00043 0.00792 0.03667 0.08709 0.14000 0.17446 0.18177 0.16589 0.14911 0.05666 ( 8)  0.748 +-  0.251
  72 Y   0.00813 0.08909 0.17385 0.20018 0.17799 0.13568 0.09336 0.05972 0.03632 0.02410 0.00157 ( 4)  0.444 +-  0.206
  73 S   0.00000 0.00000 0.00008 0.00099 0.00545 0.01842 0.04480 0.08565 0.13629 0.20588 0.50243 (11)  1.176 +-  0.353
  74 H   0.00000 0.00002 0.00078 0.00639 0.02504 0.06208 0.11257 0.16235 0.19624 0.22229 0.21224 (10)  0.939 +-  0.320
  75 H   0.00115 0.03613 0.11169 0.17100 0.18592 0.16522 0.12865 0.09134 0.06081 0.04348 0.00460 ( 5)  0.520 +-  0.213
  76 I   0.00000 0.00008 0.00264 0.01816 0.05703 0.11254 0.16348 0.19109 0.18993 0.18031 0.08475 ( 8)  0.804 +-  0.262
  77 R   0.00000 0.00000 0.00000 0.00001 0.00017 0.00111 0.00471 0.01466 0.03621 0.08483 0.85830 (11)  1.469 +-  0.337
  78 F   0.00000 0.00000 0.00000 0.00011 0.00111 0.00579 0.01956 0.04849 0.09559 0.17569 0.65365 (11)  1.296 +-  0.338
  79 L   0.53036 0.25185 0.11794 0.05445 0.02495 0.01138 0.00517 0.00234 0.00105 0.00051 0.00002 ( 1)  0.137 +-  0.125
  80 K   0.00000 0.00005 0.00204 0.01522 0.05110 0.10641 0.16121 0.19443 0.19731 0.18891 0.08331 ( 9)  0.810 +-  0.257
  81 R   0.00000 0.00000 0.00012 0.00134 0.00683 0.02170 0.05007 0.09169 0.14089 0.20667 0.48068 (11)  1.158 +-  0.355
  82 L   0.22987 0.29049 0.20875 0.12609 0.07024 0.03741 0.01939 0.00987 0.00498 0.00279 0.00013 ( 2)  0.231 +-  0.168
  83 D   0.00004 0.00892 0.05770 0.13244 0.18406 0.19043 0.16234 0.12077 0.08148 0.05718 0.00464 ( 6)  0.576 +-  0.200
  84 R   0.71827 0.20350 0.05658 0.01563 0.00433 0.00121 0.00034 0.00010 0.00003 0.00001 0.00000 ( 1)  0.089 +-  0.073
  85 N   0.05596 0.30345 0.30217 0.18410 0.08986 0.03900 0.01584 0.00619 0.00238 0.00103 0.00001 ( 2)  0.268 +-  0.139
  86 L   0.02350 0.18373 0.25950 0.21958 0.14571 0.08421 0.04463 0.02235 0.01082 0.00584 0.00014 ( 3)  0.343 +-  0.172
  87 W   0.00000 0.00004 0.00166 0.01336 0.04663 0.09972 0.15460 0.19075 0.19823 0.19451 0.10051 ( 9)  0.829 +-  0.269
  88 G   0.00020 0.02934 0.13427 0.22059 0.22255 0.16992 0.10886 0.06209 0.03285 0.01879 0.00054 ( 5)  0.473 +-  0.179
  89 L   0.01044 0.16910 0.28068 0.23949 0.15063 0.08040 0.03905 0.01797 0.00806 0.00409 0.00009 ( 3)  0.342 +-  0.159
  90 A   0.00055 0.02011 0.07214 0.12823 0.16169 0.16623 0.14918 0.12141 0.09199 0.07350 0.01497 ( 6)  0.589 +-  0.235
  91 G   0.00000 0.00001 0.00065 0.00626 0.02586 0.06455 0.11563 0.16366 0.19416 0.21685 0.21237 (10)  0.938 +-  0.322
  92 L   0.00000 0.00000 0.00000 0.00000 0.00003 0.00026 0.00144 0.00556 0.01674 0.04719 0.92877 (11)  1.523 +-  0.315
  93 L   0.01317 0.07168 0.12369 0.14925 0.15080 0.13683 0.11538 0.09215 0.07075 0.05894 0.01736 ( 5)  0.524 +-  0.263
  94 K   0.00504 0.10469 0.22055 0.23557 0.18252 0.11787 0.06795 0.03637 0.01860 0.01052 0.00032 ( 4)  0.398 +-  0.178
  95 T   0.00000 0.00103 0.01312 0.04939 0.10306 0.15164 0.17704 0.17524 0.15333 0.13347 0.04268 ( 7)  0.718 +-  0.242
  96 I   0.01230 0.18310 0.28549 0.23362 0.14350 0.07592 0.03696 0.01717 0.00782 0.00403 0.00010 ( 3)  0.335 +-  0.159
  97 M   0.25093 0.41246 0.21614 0.08167 0.02689 0.00832 0.00252 0.00076 0.00023 0.00008 0.00000 ( 2)  0.176 +-  0.110
  98 R   0.00000 0.00026 0.00423 0.01996 0.05188 0.09461 0.13636 0.16592 0.17751 0.18622 0.16306 (10)  0.869 +-  0.319
  99 E   0.00000 0.00014 0.00370 0.02257 0.06578 0.12324 0.17194 0.19406 0.18650 0.17121 0.06086 ( 8)  0.776 +-  0.244
 100 K   0.00025 0.01978 0.08661 0.15897 0.19138 0.17976 0.14350 0.10219 0.06712 0.04666 0.00378 ( 5)  0.542 +-  0.204
 101 Y   0.06972 0.23326 0.24957 0.18810 0.11959 0.06879 0.03704 0.01904 0.00950 0.00525 0.00015 ( 3)  0.310 +-  0.177
 102 S   0.00000 0.00059 0.00519 0.01854 0.04255 0.07470 0.10926 0.13966 0.16076 0.18539 0.26335 (11)  0.953 +-  0.364

Positively selected sites

	Prob(w>1)  mean w

     7 P      0.629         1.281 +- 0.373
    28 Q      0.734         1.364 +- 0.348
    43 L      0.579         1.237 +- 0.364
    73 S      0.502         1.176 +- 0.353
    77 R      0.858         1.469 +- 0.337
    78 F      0.654         1.296 +- 0.338
    92 L      0.929         1.523 +- 0.315
